8.774164925345480093e-01
9.308863481820169872e-01
8.705232905722728454e-01
7.788649071181915629e-01
6.610270925882996140e-01
4.187249757825673990e-01
-5.063284672909901252e-02
-7.138981723111976763e-01
-1.354333499591275025e+00
-1.679870748889048082e+00
-1.519215268182868117e+00
-9.546853137375492793e-01
-2.808097771768054973e-01
1.881313680023820878e-01
3.191781622638538152e-01
2.217241608864737590e-01
1.317717014328042835e-01
2.204007376869617507e-01
4.788123093528571794e-01
7.588063271577130120e-01
9.150908404042115141e-01
9.172373404441646061e-01
8.379893661368561508e-01
7.424821451175437348e-01
5.940956917698513307e-01
2.765276261776216660e-01
-2.774408643278969411e-01
-9.652564803422034601e-01
-1.522839573100594368e+00
-1.679263901262597836e+00
-1.348071230268358178e+00
-7.036003573153761792e-01
-7.405679359086922431e-02
2.739005864895147635e-01
2.985156850610279355e-01
1.759147791468543276e-01
1.396522579464663516e-01
3.008423278070830320e-01
5.874893469312902905e-01
8.345829489827154557e-01
9.312196465745818941e-01
8.929054875700777050e-01
8.044451444671942841e-01
7.000151733525115105e-01
5.042793772531675156e-01
1.012127074301627516e-01
-5.237325044077174585e-01
-1.199487250904724078e+00
-1.636288554554201413e+00
-1.611320417950392381e+00
-1.133809433889288565e+00
-4.551556467715824339e-01
9.300784646840079550e-02
3.145436287023377075e-01
2.577810730131178119e-01
1.428844259962820384e-01
1.756518618724972614e-01
3.988691770174035978e-01
6.902993994539301514e-01
8.890346306338011706e-01
9.287210625480295523e-01
8.625056027566876393e-01
7.700202297575768906e-01
6.459536934197440683e-01
3.859520175438459488e-01
-1.054806444573167523e-01
-7.780612027663802444e-01
-1.401403486222359218e+00
-1.686140392972172553e+00
-1.480879422456606642e+00
-8.920637464370332337e-01
-2.254420244973660004e-01
2.142158876579847993e-01
3.165241131415427178e-01
2.095409009854523052e-01
1.311821184386036121e-01
2.386370823086439441e-01
5.063072928289953367e-01
7.797692534866689229e-01
9.211065355423355694e-01
9.119166419532153123e-01
8.295811086211712926e-01
7.325389640807076219e-01
5.738489709113538950e-01
2.354331989149453797e-01
-3.381123286341266576e-01
-1.026544131608375654e+00
-1.557046518373559341e+00
-1.668375830559500894e+00
-1.297531014594274668e+00
-6.400326232475501698e-01
-2.786064008934041603e-02
2.882181030585627690e-01
2.896484314861171860e-01
1.659932824328991530e-01
1.460624277702410878e-01
3.242034265348791577e-01
6.142905691253518485e-01
8.504116552421766562e-01
9.321936209269506834e-01
8.856472678648925623e-01
7.958931909793156567e-01
6.877201715767886636e-01
4.773143678676848856e-01
5.189847250689366698e-02
-5.876232342693727961e-01
-1.254034913258847084e+00
-1.655098435460456541e+00
-1.584018490764973697e+00
-1.074775948380116919e+00
-3.948768566605814767e-01
1.280344763619980231e-01
3.183514644320253328e-01
2.458264431317980780e-01
1.376543865632829100e-01
1.891125419508559724e-01
4.254211367153462597e-01
7.143747462577081375e-01
8.992171743499683956e-01
9.256434050721600304e-01
8.543363977126721132e-01
7.609918732844753730e-01
6.297326127005511420e-01
3.511175264302249244e-01
-1.619962066356038233e-01
-8.418588972071638921e-01
-1.445517549770665600e+00
-1.688084711584779907e+00
-1.439159334051049344e+00
-8.287882912235559063e-01
-1.721370456247513503e-01
2.372748443071399649e-01
3.120244473253098172e-01
1.976645746845923368e-01
1.323015130304135978e-01
2.583221416114216407e-01
5.338347654261202946e-01
7.995223332462666477e-01
9.257778663215164849e-01
9.059961591087033472e-01
8.211355078282472908e-01
7.221370501557535793e-01
5.520429045656692901e-01
1.922216458448134657e-01
-3.998728317473349558e-01
-1.086496217432995293e+00
-1.587571733082334902e+00
-1.653227400814575976e+00
-1.244471343760709781e+00
-5.769102823748779585e-01
1.566145254036210854e-02
2.997253699279955885e-01
2.797000409219617678e-01
1.570527978888675291e-01
1.542821443178531149e-01
3.485675021255497663e-01
6.405823122444551654e-01
8.648385189681981888e-01
9.320399569125744632e-01
8.780748905166851914e-01
7.872756850387245819e-01
6.745913306283033428e-01
4.484520074695132474e-01
6.347791012320247450e-04
-6.518253993235765265e-01
-1.306284709350234552e+00
-1.669746951504033516e+00
-1.552845988612091999e+00
-1.014259149820424755e+00
-3.360387622684067321e-01
1.600698411852310987e-01
3.198253105545241226e-01
2.335994811853291941e-01
1.339034166371880219e-01
2.042524716515865257e-01
4.524327112046215849e-01
7.374893663144735934e-01
9.079731907320736095e-01
9.217314448602986765e-01
8.460567308925338592e-01
7.517222396168927734e-01
6.122569802532903394e-01
3.141882676242060968e-01
-2.200546648454835552e-01
-9.050509241803353921e-01
-1.486473378569496573e+00
-1.685688980837829476e+00
-1.394252184584554355e+00
-7.651404994214208166e-01
-1.210746335629518389e-01
2.573352570627910341e-01
3.058627044232695713e-01
1.862783914298064836e-01
1.351777539785254667e-01
2.793564625581166916e-01
5.612527657362863520e-01
8.180013862583439543e-01
9.291493364169753910e-01
8.995527830879315179e-01
8.126594864430489729e-01
7.111893810941360972e-01
5.285825474470140506e-01
1.469131219820807022e-01
-4.625431067960857900e-01
-1.144865618980585031e+00
-1.614268449691115492e+00
-1.633886949681409684e+00
-1.189140929715261308e+00
-5.144979391626467446e-01
5.640057682034910203e-02
3.085200627642792348e-01
2.688739392881142054e-01
1.492377110003338392e-01
1.642995204906470275e-01
3.738039664146686758e-01
6.662400418430836080e-01
8.778417694341307254e-01
9.308276042547433127e-01
8.702493743772227175e-01
7.785618923617624310e-01
6.605243839453059929e-01
4.176268272666017189e-01
-5.249838118543770360e-02
-7.161180394532191684e-01
-1.356006410330859779e+00
-1.680159113411770599e+00
-1.517949503926083077e+00
-9.525361828301813771e-01
-2.788649266781831892e-01
1.890829864085190326e-01
3.191191971938484029e-01
2.213002609071377524e-01
1.317234846135272308e-01
2.210055082786241409e-01
4.797599496989857215e-01
7.595498310486683557e-01
9.153214772641800057e-01
9.170644064182851274e-01
8.376996957771383201e-01
7.421454310387554099e-01
5.934212410259105397e-01
2.751435220307663077e-01
-2.795166013117273973e-01
-9.673930817434904794e-01
-1.524080830225826411e+00
-1.678959417151679734e+00
-1.346370079501346906e+00
-7.014000805021970431e-01
-7.241781066965288782e-02
2.744429444766450787e-01
2.982296163523229238e-01
1.755573768754374597e-01
1.398434981029952340e-01
3.016311795749293534e-01
5.884222179256765051e-01
8.351527647333188975e-01
9.312728081521675083e-01
8.926607186921069470e-01
8.041505715249009922e-01
6.996032588313840783e-01
5.033787826108780949e-01
9.954251983358047839e-02
-5.259319227112270179e-01
-1.201407217069599964e+00
-1.637006710554916422e+00
-1.610443328248607919e+00
-1.131797986862545846e+00
-4.530519800192787105e-01
9.426713812399553638e-02
3.147156632680672139e-01
2.573748819411899591e-01
1.426802237057265554e-01
1.760882082895266765e-01
3.997771264772553845e-01
6.911459517295793775e-01
8.894102767873126592e-01
9.286295216757035620e-01
8.622256856944349179e-01
7.697117362401791896e-01
6.454131280872811294e-01
3.847833429464959654e-01
-1.074057079020749039e-01
-7.802724041258646270e-01
-1.402977787132292820e+00
-1.686279822003313278e+00
-1.479493642069495740e+00
-8.898873271684411002e-01
-2.235652538882771379e-01
2.150627539224928275e-01
3.163984252821223087e-01
2.091244686629388227e-01
1.311919704105930784e-01
2.392934429466212765e-01
5.072584453131027127e-01
7.804721492768292856e-01
9.212900786520428209e-01
9.117216859191636935e-01
8.292899319341743292e-01
7.321877867633865833e-01
5.731222940073963379e-01
2.339757853783396291e-01
-3.402285356493331969e-01
-1.028638729209340186e+00
-1.558163221471238424e+00
-1.667923269702737077e+00
-1.295738803909695314e+00
-6.378432419314383761e-01
-2.631200275157138946e-02
2.886619391717669680e-01
2.893216519761091510e-01
1.656672331142754473e-01
1.463162116299326909e-01
3.250290362303742131e-01
6.152079844510713880e-01
8.509335280487425601e-01
9.322067324218922257e-01
8.853905697427790766e-01
7.955967626511258883e-01
6.872811631262655263e-01
4.763494265976222497e-01
5.015977926232972894e-02
-5.898369999938620767e-01
-1.255879419443998168e+00
-1.655674309945322831e+00
-1.583005460396176733e+00
-1.072708690221335193e+00
-3.928190882437544440e-01
1.291911750930427316e-01
3.184404418876723986e-01
2.454074720855146108e-01
1.374995856987860365e-01
1.896078590239075878e-01
4.263473483699742883e-01
7.151897691342354868e-01
8.995433361168274633e-01
9.255217339796386611e-01
8.540520246762501877e-01
7.606760549375394254e-01
6.291504895051820423e-01
3.498769773574331721e-01
-1.639767327737818303e-01
-8.440532108980032255e-01
-1.446986064188112042e+00
-1.688074349443694500e+00
-1.437660087039161372e+00
-8.265943215417277390e-01
-1.703348350983064363e-01
2.380175728613284913e-01
3.118382410434890617e-01
1.972620619360458127e-01
1.323713402533864825e-01
2.590268245786594981e-01
5.347844900743794483e-01
8.001822310724437948e-01
9.259157223363541078e-01
9.057818716317452834e-01
8.208432183929084136e-01
7.217685070196591113e-01
5.512606369290855568e-01
1.906913776328180987e-01
-4.020235251290026346e-01
-1.088540258387353132e+00
-1.588558543228594022e+00
-1.652628777979584962e+00
-1.242596489505673585e+00
-5.747410569997088992e-01
1.711566488023164023e-02
3.000737842563772628e-01
2.793395390307052972e-01
1.567632829003408890e-01
1.545983065808390622e-01
3.494254565620708020e-01
6.414798673583477218e-01
8.653115177978035755e-01
9.320153231198112787e-01
8.778084635201348629e-01
7.869764974827287984e-01
6.741216702311010334e-01
4.474203021934142210e-01
-1.169912534780132018e-03
-6.540460229751299259e-01
-1.308045685628824506e+00
-1.670177628755523669e+00
-1.551701771641821326e+00
-1.012145583368449619e+00
-3.340348290090323080e-01
1.611225464262781570e-01
3.198363495911689114e-01
2.331746993198402507e-01
1.338014327955352745e-01
2.048046841859146594e-01
4.533722329858925759e-01
7.382694809790222301e-01
9.082503577149810825e-01
9.215823665584840230e-01
8.457691808438098091e-01
7.513969557222633933e-01
6.116296245988176450e-01
3.128749154252161713e-01
-2.220860779514000349e-01
-9.072199712575457209e-01
-1.487829327942490565e+00
-1.685528692171113896e+00
-1.392646555667902408e+00
-7.629386815488775619e-01
-1.193528990731133888e-01
2.579751201481854661e-01
3.056224564596570215e-01
1.858959873447164624e-01
1.353089383655660949e-01
2.801058585820877522e-01
5.621962042010405503e-01
8.186162560733184490e-01
9.292431783538970258e-01
8.993217775478173914e-01
8.123661565377111593e-01
7.108003600326937566e-01
5.277415071268082292e-01
1.453109565442586015e-01
-4.647218754343230840e-01
-1.146850594110279786e+00
-1.615120591797125860e+00
-1.633144994123817195e+00
-1.187192201552438986e+00
-5.123578717463920240e-01
5.775694507288245405e-02
3.087767172831387130e-01
2.684867741967604249e-01
1.489895048185611304e-01
1.646773898056143881e-01
3.746896568795020643e-01
6.671135503733560679e-01
8.782653333702804543e-01
9.307676838556860899e-01
8.699752223967689435e-01
7.782587158008388295e-01
6.600204293257460053e-01
4.165262694381801634e-01
-5.436603407443504898e-02
-7.183377422553909319e-01
-1.357676038460717827e+00
-1.680442355373321206e+00
-1.516679490944193631e+00
-9.503859470130471276e-01
-2.769223138918855409e-01
1.900309834596083658e-01
3.190578272569529750e-01
2.208765087711295760e-01
1.316772361591628526e-01
2.216121114189074370e-01
4.807077943182958002e-01
7.602919759254397336e-01
9.155504670288419078e-01
9.168906662530650342e-01
8.374099633830077716e-01
7.418082632591959102e-01
5.927450440337709292e-01
2.737568833695048776e-01
-2.815938311239377101e-01
-9.695283748919388822e-01
-1.525317879811651789e+00
-1.678649792364450333e+00
-1.344665647213358017e+00
-6.992000232463407849e-01
-7.078187342330410914e-02
2.749818539524339078e-01
2.979420260457443792e-01
1.752009670260609997e-01
1.400368958211266335e-01
3.024213721936779842e-01
5.893546306172763316e-01
8.357209440020425539e-01
9.313245497958955177e-01
8.924154991311381568e-01
8.038559459663532358e-01
6.991904665396010410e-01
5.024760088884941966e-01
9.786992984976489174e-02
-5.281319580126548896e-01
-1.203324713542070157e+00
-1.637720007619389628e+00
-1.609561470697558949e+00
-1.129784455463916482e+00
-4.509497617968863947e-01
9.552291680702101884e-02
3.148847483042183093e-01
2.569681321944907726e-01
1.424776656169793598e-01
1.765266214171434256e-01
4.006857886223504917e-01
6.919914745402229173e-01
8.897842091670801201e-01
9.285368951398975668e-01
8.619455904230742815e-01
7.694030222236150074e-01
6.448711889093587946e-01
3.836122057624801185e-01
-1.093327579437556873e-01
-7.824831602761661564e-01
-1.404548551409923851e+00
